1419.99
1042.89
840.19
837.93
1023.55
1027.60
1082.18
1165.40
1072.32
795.10
861.97
848.22
881.91
1071.03
1068.14
954.49
800.23
934.83
1119.41
974.08
1288.07
836.32
1058.84
1230.27
827.95
988.78
757.05
813.78
710.54
813.05
1073.53
951.97
1116.61
1205.55
1072.51
1155.10
1151.00
1471.46
1151.44
701.60
1059.15
1133.48
1188.53
1163.43
901.62
1005.54
1069.04
1043.15
1405.80
679.10
3171.14
3237.28
2881.88
3099.13
2982.20
2793.31
3020.13
3333.63
2920.17
3125.50
2775.73
2815.67
2752.19
2713.06
2811.50
2820.07
2911.59
2671.29
2898.63
2845.02
2841.25
2936.63
3234.35
2999.04
3084.21
3317.10
3136.92
3025.88
3217.20
3445.97
2896.61
3169.67
2837.20
2750.31
2864.52
2985.25
2607.65
2680.28
2988.59
3120.11
3157.09
3087.47
2964.04
3106.00
3498.57
3395.36
2988.12
3282.89
2875.88
3070.16
